RA,DEC_1,RMAG,Z
73.4858334,-69.6766667,18.9,0.28
75.0725,-69.5377778,19.8,0.9
82.8825,-71.4961112,18.9,0.221
212.6305821,52.2594514,19.7,0.608
38.8086112,-3.9597223,18.0,1.387
75.723875,-67.42925,18.6,2.178
140.3034193,45.4844533,18.8,1.658
162.9991667,57.4069445,21.7,0.974
163.164978,57.408721,17.6,1.112
163.1558334,57.5177778,20.9,0.708
163.1862633,57.3563415,20.8,2.835
163.2001411,57.3547428,20.1,0.467
163.3288889,57.3144445,0.0,0.711
169.5925306,7.7468442,19.7,1.618
188.0272942,20.4235842,17.7,2.478
216.935148,33.641295,19.8,1.231
162.81,57.2711112,20.2,0.528
162.8208334,57.2641667,21.1,0.62
79.12,-68.6175,16.6,0.455
16.8408334,-72.8127778,18.9,2.155
13.895,-72.4761112,18.6,0.563
12.82,-72.2808334,16.9,0.49
15.56,-73.2738889,18.9,2.18
15.645,-72.9061112,18.2,2.13
78.8458334,-70.9683334,18.6,1.147
75.4441667,-67.5444445,18.3,0.384
81.0091667,-70.1855556,16.0,0.151
195.3672778,27.8518524,17.0,0.242
165.803905,41.698588,16.2,0.402
167.4941667,-37.3438889,18.3,0.173
8.797846,-0.821671,16.7,0.186
166.484122,3.211986,17.2,0.353
166.707505,10.294004,16.5,0.168
192.139705,56.585416,16.3,0.266
16.3877778,-27.6144445,19.1,0.52
43.4002778,-31.6025,18.8,2.44
149.108077,-0.064746,17.6,0.512
149.545333,1.668102,20.2,2.101
149.564599,1.823053,19.6,1.509
149.851946,1.998429,18.2,1.235
150.319941,1.681554,18.9,2.054
150.376543,1.717867,19.2,1.57
150.643036,1.836442,17.9,1.504
150.659394,1.6296,19.1,2.506
150.762167,1.869048,19.9,1.8
153.1822234,-1.5118254,18.7,1.382
153.4841289,-1.7221521,19.8,2.119
162.6794445,0.2986112,17.9,1.319
163.425891,-0.238934,18.3,0.676
164.1870131,-0.9926183,19.7,2.132
169.04982,1.4106742,19.4,1.729
172.1179598,1.2272061,18.8,0.893
174.6392893,-1.7809931,19.8,2.001
186.663439,0.086971,19.7,0.861
187.3661112,1.8275,20.3,0.585
187.379977,1.880004,19.2,0.77
188.0162,-1.122228,19.6,0.896
192.5644034,-0.4210589,19.8,1.606
199.2383334,-2.2752778,20.8,1.862
204.9377778,0.1680556,20.1,0.979
205.3658389,1.160146,19.9,1.272
205.4036987,1.1810973,19.7,1.154
206.656926,-0.337747,18.9,2.055
208.1725393,-1.0275577,19.7,1.497
208.8576092,0.7810803,20.6,2.832
210.069407,-1.13949,17.6,0.351
213.1210108,-0.6035721,19.7,2.043
218.1106889,-0.0013233,20.0,2.072
339.9241667,-29.8316667,19.5,2.1
351.0283334,-31.1513889,19.6,0.824
13.858182,-0.333092,21.3,0.125
13.863447,-0.326245,20.9,1.661
37.004392,0.6621402,21.7,1.941
37.6499326,0.6035603,21.7,2.003
152.368637,-0.439765,21.3,0.885
152.38797,-0.422217,19.1,0.519
156.1218301,-0.5503888,19.7,2.427
164.188538,-0.993937,19.7,2.128
186.4641939,0.0829892,19.5,2.248
200.753178,-0.1870871,21.1,2.253
228.941971,-0.060476,21.1,0.909
322.3514416,0.1106804,19.1,1.398
322.4152511,0.1375871,19.3,2.01
349.975098,0.611661,21.7,1.833
28.2402778,-14.1441667,21.1,0.543
334.015,-17.6413889,21.0,1.462
87.4241667,-69.7377778,19.4,0.46
78.77,-71.7272223,19.4,0.5
9.267119,-1.1523448,13.7,0.074
17.4341667,73.1991667,17.5,0.181
57.1952778,33.8875,18.2,0.244
64.5886112,38.0266667,17.6,0.049
111.7702778,-2.075,17.1,0.22
116.072798,37.88812,17.5,1.067
121.199861,10.256597,18.0,1.949
123.8658334,-3.1408334,16.0,0.198
125.3900214,47.0437055,16.4,0.128
133.2858729,13.8818949,17.1,1.113
133.7894445,-7.2508334,18.2,
140.285907,45.649267,16.3,0.174
142.639736,36.023657,18.2,1.157
146.938102,7.422383,15.2,0.086
150.4563447,28.7858235,16.8,0.185
151.5072471,34.9029249,13.9,0.099
166.0583334,76.9827778,15.2,0.313
174.9875908,65.7970577,16.1,0.652
182.306734,43.655821,17.3,1.398
185.141119,33.720006,17.9,1.533
187.2780556,2.0525,13.2,0.158
195.138767,40.152138,19.4,1.672
200.3242416,42.5875645,13.5,0.079
202.657051,25.153045,16.9,1.054
214.3505556,-4.0133334,0.0,1.406
214.784075,6.476334,16.9,1.437
215.7491667,19.5936112,17.8,0.27
237.4538889,21.4272223,0.0,1.206
250.7450367,39.8102855,15.2,0.593
250.9530556,17.2641667,15.3,0.162
256.172426,60.741806,15.0,0.372
261.0797223,50.9611112,21.5,1.079
271.7108334,69.8244445,12.5,0.05
281.01,45.5583334,11.2,0.091
309.6555556,51.3205556,19.3,1.687
320.6930556,17.0772223,17.8,1.785
336.4469445,-4.9502778,17.2,1.404
341.4527778,39.6877778,13.5,0.081
343.4905556,16.1483334,13.7,0.859
38.1202778,34.3963889,19.3,1.228
5.105089,15.6818654,18.5,2.019
71.5458334,-72.0861112,17.2,0.95
74.0591667,-67.6530556,19.0,0.26
121.9897481,4.542941,17.9,2.873
160.3215133,6.1713471,15.9,1.265
79.0133334,24.9736112,16.1,0.063
199.327676,39.424488,18.0,1.562
135.7666202,46.8511517,18.4,1.465
149.4090994,55.3827033,17.0,0.902
276.0294445,56.8505556,18.2,0.663
209.573296,57.867941,16.6,1.373
174.3389467,61.3337325,16.1,0.111
266.5584369,62.4485908,18.8,3.889
201.3738021,65.2537064,17.2,1.628
77.6358334,-69.4541667,18.0,1.585
75.225,-66.7333334,19.6,1.86
76.15,-66.4044445,18.7,2.04
79.1525,-66.5763889,16.9,2.24
79.8666667,-65.8305556,19.6,1.64
80.237375,-70.414639,18.3,1.815
82.5333334,-67.1744445,18.4,1.65
82.6116667,-66.8147223,19.5,1.79
80.2358334,-65.6513889,19.6,0.47
81.31,-65.9127778,18.8,0.65
86.9591667,-67.4669445,15.4,1.01
89.3433334,-67.2227778,17.0,0.142
90.6425,-68.5116667,18.4,1.086
79.11,-69.805,18.6,0.626
154.357905,61.2743961,18.3,2.802
209.9987713,14.6092138,18.8,1.334
242.3083334,65.5411112,19.1,1.394
78.2483334,-70.5063889,17.7,1.296
78.5508334,-70.3405556,18.4,2.32
197.8986112,-1.3366667,18.2,0.2
328.3808334,17.6927778,18.5,0.246
328.4086112,17.73,19.6,0.241
120.2594445,36.0463889,19.2,0.276
3.56,-30.3777778,19.7,0.323
216.635012,35.141945,19.4,1.747
216.769722,33.810199,19.8,2.138
216.772514,33.8109,21.2,1.156
216.796953,33.559266,20.1,0.263
217.254371,34.034635,0.0,2.445
217.291544,34.43218,0.0,2.02
217.348225,33.816133,22.2,1.523
217.392555,34.030574,20.0,1.04
217.450401,34.548121,20.7,1.341
217.715878,34.919344,20.2,1.949
218.068934,32.909444,20.2,1.392
218.143555,33.61247,0.0,3.346
218.438827,33.430384,0.0,1.613
218.448199,33.430489,0.0,2.564
218.461096,33.43869,19.1,0.659
218.464817,33.446092,20.1,1.369
218.486265,35.331803,20.1,1.247
218.542015,33.513524,0.0,0.993
218.57177,33.266681,0.0,1.052
218.631158,34.372506,0.0,0.769
218.708272,33.948693,0.0,2.3
218.742901,34.08375,0.0,1.348
218.758305,34.088338,0.0,1.105
218.901561,34.502559,19.7,1.755
218.911407,34.01934,22.5,0.855
219.206407,34.716666,22.3,1.432
219.261658,35.032066,0.0,0.929
219.502175,34.167224,0.0,1.507
219.572374,34.346612,21.5,3.022
229.42425,-24.3720556,12.2,0.048
150.3480556,55.8616667,0.0,0.9
150.3505556,55.9258334,23.0,1.154
150.3625,55.9230556,20.1,0.352
9.59775,-43.6171806,19.0,0.345
216.1588889,22.9336112,15.6,3.62
188.905,62.2902778,21.7,2.05
188.9102975,62.2787812,19.1,0.713
188.9133334,62.2669445,23.1,2.574
188.9708334,62.1772223,21.4,1.379
188.99,62.1736112,22.3,3.067
189.0025,62.3238889,23.4,3.19
189.0503236,62.3282459,21.3,2.219
189.0541667,62.3247223,22.8,3.938
189.1233334,62.3708334,21.9,0.853
189.1891667,62.0522223,20.8,2.455
189.2,62.1611112,24.5,5.186
189.2458545,62.4229961,20.5,3.06
189.2616667,62.2622223,19.3,0.514
189.2666667,62.1322223,22.1,1.253
189.2816667,62.3633334,23.0,1.451
189.2908334,62.1338889,0.0,2.182
189.2958334,62.3908334,24.3,1.392
189.3175,62.1188889,21.7,0.679
189.32,62.0980556,21.8,1.939
189.3241667,62.3152778,22.1,2.218
189.4133334,62.35,20.5,0.837
39.4683334,28.8025,18.7,1.207
155.322832,34.622703,17.0,1.405
250.797251,31.938451,18.2,0.586
188.8725,62.2158334,23.6,2.413
185.2786212,45.8144837,17.4,0.525
214.943218,46.573437,19.5,0.546
357.0799595,0.9548775,19.4,2.145
357.08161,0.955972,19.3,2.163
181.3463889,-7.7091667,18.8,4.69
1.715,-62.1344445,19.0,4.455
4.6577778,-35.4611112,18.5,4.15
46.8452778,-49.7633334,19.1,4.728
357.3072223,-37.2163889,18.6,4.208
41.0077778,-1.5677778,18.1,4.01
325.0629167,-23.6610833,17.3,0.313
36.6988889,-4.7008334,24.1,1.258
334.4027778,0.1680556,20.9,1.369
334.4022421,0.2729324,21.1,3.091
8.2975,-1.4236112,24.8,6.13
12.5277778,34.7563889,23.5,6.25
164.8691667,-9.1055556,23.2,5.92
217.4675,54.7883334,23.9,6.21
227.4241667,-17.8241667,23.1,6.12
315.2275,-17.2563889,24.6,6.09
349.5116667,-2.7761112,0.0,6.05
214.3525228,52.5069662,19.5,0.481
180.3098196,-3.6780803,12.2,0.02
158.660828,39.641188,12.1,0.043
286.3583334,42.4611112,11.0,0.027
220.1587377,53.5044064,12.4,0.037
184.4790768,58.659912,12.1,0.023
331.0738889,4.6669445,11.6,0.028
40.3952778,7.1872223,12.6,0.028
330.4235064,11.8567759,8.8,0.03
334.3011112,14.2391667,12.4,0.067
144.25437,1.0954763,13.8,0.051
220.7142613,8.7588851,11.4,0.035
294.3875417,-6.218,9.0,0.01
298.0661112,2.5069445,11.2,0.059
169.9283334,4.1744445,20.5,0.736
249.2525702,41.0986835,20.2,2.061
249.1964247,41.0596948,20.4,1.077
34.485365,-5.11441,20.8,1.09
34.6436807,-5.23252,20.7,0.514
34.5356704,-5.2067472,20.9,1.039
34.6274776,-4.939708,17.0,1.4
34.3402238,-5.1080622,19.7,0.984
158.5391667,57.4983334,20.2,0.37
158.5680556,58.0583334,23.0,1.093
149.4628037,2.3568446,20.3,1.185
149.4811252,2.4003145,21.5,0.928
149.5061112,1.8091667,0.0,2.399
149.5213889,2.0791667,0.0,0.674
149.5016667,2.4144445,22.6,1.406
149.53,1.7855556,23.3,1.113
149.5341667,1.9063889,22.5,2.507
149.5258334,2.0202778,21.3,0.622
149.5305556,2.2219445,22.7,2.361
149.5372223,2.28,23.2,1.702
149.5290773,2.3801338,20.5,3.108
149.5866667,1.7691667,21.8,0.785
149.5758334,2.5755556,21.9,1.164
149.6019445,2.3927778,20.1,1.854
149.6108334,2.4716667,19.6,0.691
149.70151,1.638375,22.4,3.2
149.6383334,2.1494445,22.6,0.952
149.63174,2.37176,23.6,0.93
149.6458334,2.3877778,22.3,1.845
149.66919,2.0740557,19.2,0.34
149.6636028,2.0852199,20.1,1.22
149.6680556,2.1352778,19.1,0.339
149.6661112,2.2863889,0.0,1.027
149.6619095,2.3968956,19.0,0.355
149.6605556,2.4108334,21.5,1.161
149.65569,2.600808,21.8,0.735
149.6875,1.8125,22.6,1.214
149.675,1.9116667,22.1,0.315
149.6972223,1.905,20.6,0.66
149.6958334,2.2644445,20.5,0.55
149.6888889,2.4116667,23.4,1.122
149.6988889,2.4411112,21.8,1.517
149.6958334,2.5488889,22.2,1.771
149.6966667,2.6052778,23.3,1.041
149.7063889,2.2777778,19.5,0.73
149.7061112,2.42,19.5,1.122
149.7363889,2.1797223,22.7,4.251
149.7388889,2.3661112,23.0,1.656
149.7305556,2.4536112,22.0,1.101
149.7341667,2.6908334,20.7,0.91
149.7713698,2.2583414,20.4,2.222
149.7527778,2.3316667,0.0,0.335
149.7683334,2.4311112,21.0,0.943
149.7511112,2.47,20.2,0.655
149.7525,2.4758334,19.5,0.477
149.7741667,2.6738889,21.5,1.108
149.7555556,2.7383334,22.9,3.535
149.7847223,1.9127778,21.3,1.156
149.792962,2.1256349,18.4,0.353
149.7897618,2.3212481,19.7,0.378
149.7855556,2.5547223,22.6,1.798
149.8130556,1.8238889,20.8,0.528
149.8141667,2.0163889,22.7,1.36
149.8230556,2.0897223,22.1,2.05
149.9741667,1.6433334,0.0,1.04
150.025,1.915,0.0,0.969
150.1180556,1.5855556,21.9,0.839
150.3830556,2.7236112,22.3,2.052
150.3819671,2.7584187,20.8,1.228
150.47568,2.798362,21.6,4.12
150.48563,1.871927,22.7,4.45
150.4025,1.7141667,23.3,0.87
150.4075,1.8033334,21.5,0.844
150.4009556,1.9119525,20.6,2.281
150.4206643,1.9453096,19.2,2.18
150.4183334,1.9763889,20.8,0.863
150.4225,2.0141667,0.0,2.277
150.4063889,2.0755556,22.6,1.257
150.4213889,2.1122223,22.9,1.263
150.4247223,2.8241667,21.5,0.737
150.4319445,1.7288889,18.5,0.362
150.4294445,1.8255556,0.0,2.076
150.4310108,1.9352405,19.6,1.163
150.4366667,2.0691667,22.5,0.965
150.43,2.0869445,20.6,0.671
150.4422223,2.7636112,23.4,0.505
150.4466667,2.7913889,21.8,1.529
150.4675,1.9355556,21.9,0.969
150.4702778,2.0205556,19.0,0.22
150.4577778,2.0625,21.5,2.334
150.4566477,2.6481451,20.8,2.057
150.4919445,1.7725,0.0,0.831
150.4855556,1.8030556,21.8,0.957
150.4847223,2.1619445,22.0,1.641
150.5105556,2.0291667,21.0,0.898
150.5127778,2.1519445,20.1,0.555
150.5016667,2.3541667,23.0,0.237
150.5183334,2.5216667,22.5,2.779
150.5208334,2.6255556,19.2,0.519
150.5055556,2.6747223,22.6,1.29
150.5091667,2.6994445,21.2,0.794
150.5356029,1.7648765,21.1,2.215
150.5475,1.9425,19.0,0.218
150.5405556,2.1675,22.5,1.255
150.5316667,2.1888889,0.0,0.83
150.5263889,2.2447223,0.0,1.271
150.5380556,2.3102778,21.4,0.838
150.5266667,2.3844445,22.5,1.299
150.5438889,2.4227778,22.1,0.957
150.55078,2.682909,23.9,3.56
150.57,1.6233334,0.0,0.621
150.5502778,1.7091667,20.1,0.369
150.57,1.7975,22.3,1.136
150.5580556,1.895,19.9,0.692
150.5588889,2.1055556,22.3,2.323
150.5733334,2.2036112,0.0,0.819
150.5555556,2.3688889,23.0,0.974
150.5508334,2.4369445,22.5,0.893
150.5675,2.5033334,21.1,1.146
150.5558334,2.5644445,22.2,1.143
150.555,2.6408334,21.1,1.142
150.5961112,1.7875,21.1,1.243
150.5780556,1.9711112,20.2,0.31
150.5955556,2.1111112,20.9,0.899
150.5763889,2.1813889,20.0,0.554
150.5819445,2.2877778,21.7,1.339
150.5972223,2.6180556,22.4,1.443
150.63844,2.39135,22.5,3.65
150.6114485,1.6810104,19.0,0.248
150.6222223,1.7577778,19.9,0.876
150.6122223,1.9944445,0.0,1.609
150.6175,2.4830556,0.0,2.746
150.6205556,2.6258334,21.5,0.725
150.6205556,2.6713889,22.1,3.144
150.6194445,2.8172223,18.0,0.213
150.635538,1.6690941,21.6,1.776
150.6313889,1.7158334,23.1,2.243
150.6252778,1.8030556,19.8,0.626
150.6330556,1.9908334,22.9,0.803
150.6372223,2.0077778,22.8,1.268
150.64,2.2613889,21.4,1.413
150.6480556,2.3972223,20.8,0.677
150.6388889,2.4644445,20.9,0.8
150.6330556,2.5852778,22.1,0.878
150.6277778,2.7408334,20.1,0.821
150.7355568,2.1995569,20.4,3.503
150.6680556,1.6163889,19.1,0.371
150.6612769,1.6601324,20.3,1.318
150.6522223,1.8772223,20.6,0.871
150.6608334,1.9755556,0.0,1.566
150.6675,2.2477778,20.5,0.358
150.6680556,2.2436112,19.8,0.358
150.6738889,2.2708334,19.1,0.387
150.6647223,2.5333334,22.9,1.058
150.6705556,2.58,22.3,1.677
150.6579747,2.783553,18.2,0.212
150.6913889,1.9163889,22.1,0.447
150.6802778,2.0894445,19.2,0.214
150.6827265,2.0840278,20.7,1.234
150.6830556,2.5747223,19.3,0.376
150.7066667,1.5888889,21.4,0.883
150.7036112,1.6486112,0.0,0.694
150.7066667,1.9255556,20.4,0.309
150.7091667,2.1475,19.9,0.326
150.7202778,2.2480556,0.0,0.665
150.7122223,2.7008334,22.6,0.982
150.7328895,1.625117,19.7,2.389
150.7394445,1.9013889,22.1,0.971
150.7425,1.9858334,20.1,1.597
150.7338889,2.1563889,20.7,0.979
150.7372223,2.7225,22.3,3.322
150.7430556,2.7322223,22.5,1.516
150.7713889,1.8655556,20.2,0.969
213.4707523,44.0418863,19.4,1.347
229.0915834,56.197387,19.3,1.168
221.2230867,29.3182707,16.0,2.669
181.623526,43.538213,17.7,1.789
181.6235428,43.539052,19.1,1.789
152.9816564,29.6948857,16.4,2.64
182.810682,36.960999,17.1,0.171
224.8586324,40.7606817,16.6,0.151
166.639517,32.060305,17.6,1.889
16.3947125,-27.6161417,18.7,0.848
338.1516667,11.7308334,17.3,1.037
154.3497223,-20.7830556,16.7,2.545
208.9308334,-22.9563889,17.1,1.366
132.1513889,44.8805556,24.3,1.194
180.4788889,-18.8875,20.7,0.26
132.1052703,44.8026965,21.1,1.318
132.1139528,44.9096298,19.8,0.9
132.1583334,44.8980556,24.2,3.287
132.226954,44.863912,20.9,1.038
132.2355556,44.8744445,19.9,1.329
132.2605556,44.9516667,22.6,1.78
132.28,44.9708334,22.6,0.86
132.2847223,44.9694445,24.0,2.32
132.3468565,44.8806521,20.3,2.187
137.6652778,54.3427778,0.0,2.45
137.6747223,54.3580556,0.0,0.598
137.675,54.3952778,23.0,1.638
137.7380556,54.3952778,22.5,1.935
137.7488889,54.3938889,19.8,0.333
182.6447223,30.3994445,18.6,0.52
184.3873147,37.778884,20.6,2.138
184.415,37.7794445,23.4,2.987
184.417293,37.797025,19.3,1.793
269.5983334,66.6641667,19.7,0.995
54.4283334,-5.0480556,23.8,1.528
54.4316667,-5.0619445,24.3,1.202
330.3872223,-32.0286112,21.9,3.905
330.5063889,-31.9980556,22.5,2.551
189.0791667,62.1872223,0.0,1.022
189.075,62.2763889,20.2,0.679
189.1208334,62.1794445,24.0,1.013
28.3013889,-13.9569445,20.3,1.454
54.3811112,-5.0838889,19.4,0.295
54.6725,-35.5263889,19.6,0.36
73.4847223,-2.9772223,18.2,0.129
73.4866667,-3.0402778,20.1,0.423
73.5294445,-2.9005556,19.7,1.193
73.5916667,-2.8566667,18.5,0.292
73.5938889,-3.0094445,20.6,1.936
73.5816667,-3.0722223,18.5,0.775
73.6033334,-2.9802778,21.0,0.724
164.0977778,-3.7222223,21.4,0.429
164.1722223,-3.6480556,0.0,2.697
164.1938889,-3.6513889,21.9,1.25
164.1933334,-3.7855556,22.1,2.248
164.2502778,-3.5794445,21.5,1.177
206.28361,55.84969,21.0,0.608
325.0061112,-23.6866667,18.5,0.188
325.0438889,-23.6511112,20.7,0.453
325.0763889,-23.6819445,19.3,1.648
345.7541667,8.7830556,21.9,0.738
249.2325,40.9858334,23.1,2.61
28.109776,-13.981512,21.8,1.267
28.190934,-13.924738,23.2,0.863
73.468947,-3.06541,18.6,0.417
73.55565,-2.924231,19.7,2.51
73.613805,-2.887195,0.0,1.49
152.67454,-12.666631,23.7,3.956
164.163635,-3.676016,21.2,2.765
164.21099,-3.585595,21.9,0.824
164.219314,-3.638799,22.9,1.864
164.273167,-3.597289,23.0,1.56
175.191533,-26.487938,21.5,2.154
324.984435,-23.66827,0.0,2.695
36.528851,0.5521902,23.9,0.778
36.548988,0.5502717,23.4,0.747
36.98336,0.6342154,23.3,0.642
36.997215,0.6424019,23.6,0.581
37.01543,0.6671176,22.8,0.764
37.026665,0.4574491,19.5,0.701
37.178314,0.4412955,23.9,0.742
37.18557,0.4430721,23.5,0.62
37.190727,0.428058,23.7,0.68
37.274899,0.5071049,23.7,0.714
37.279701,0.3572522,21.6,0.138
214.16656,52.410383,23.8,0.337
214.16766,52.433339,23.5,0.812
214.18214,52.514483,18.6,0.21
214.18829,52.433484,20.6,0.238
214.21036,52.432322,20.1,0.337
214.21351,52.531701,22.8,0.324
214.21914,52.54549,20.0,0.179
214.22594,52.486235,23.3,0.179
214.22618,52.411148,18.7,0.247
214.24448,52.432105,22.8,0.534
214.24726,52.397515,23.2,0.722
214.24834,52.458234,23.8,1.046
214.24941,52.419695,21.5,0.328
214.26409,52.468307,22.7,0.45
214.2675433,52.4148921,19.1,0.281
214.27347,52.544734,22.8,0.53
214.29773,52.430892,22.7,0.566
214.31182,52.41769,23.5,0.53
214.31226,52.48676,19.8,0.353
214.31731,52.462979,23.0,0.531
214.31993,52.401963,19.4,0.287
214.3216,52.450897,22.8,0.643
214.32973,52.3501,21.6,0.358
214.34175,52.462797,23.0,0.463
214.34802,52.397889,20.1,0.29
214.34812,52.465953,20.0,0.238
214.35514,52.5272,20.0,0.179
214.35951,52.508667,22.1,0.747
214.36699,52.608394,19.6,0.354
214.36943,52.614309,19.8,0.29
214.37224,52.55091,22.4,0.373
214.37344,52.466544,19.8,0.353
214.37593,52.509257,20.7,0.173
214.37971,52.569556,19.9,0.291
214.38104,52.518641,22.1,0.289
214.39027,52.524062,20.0,0.237
214.45054,52.610998,23.6,0.76
214.45324,52.592062,22.7,0.718
214.45562,52.568119,22.7,0.284
214.46389,52.556422,23.6,0.68
214.54532,52.810306,20.5,0.354
146.9172917,-30.9488611,8.8,0.008
195.718125,-23.9215833,9.9,0.022
10.299,-21.1315,12.4,0.005
329.274875,-69.6899444,8.9,0.028
15.706897,-8.895676,17.7,1.684
23.2057616,0.4408569,18.3,3.181
114.583741,27.845913,20.9,2.0
117.801286,29.327307,15.3,0.916
126.2585417,47.2811112,20.6,0.803
128.528924,35.100807,19.0,0.47
130.2705556,36.0808334,20.0,0.553
147.844068,26.587213,16.6,1.246
153.1266667,28.4241667,19.9,0.937
159.139782,28.472506,20.2,1.767
167.4701173,42.5543619,17.4,0.262
169.54598,-0.5614025,19.8,0.686
173.740092,25.924421,17.5,0.71
177.8502778,53.9991667,20.9,0.78
216.9347223,37.3936112,19.6,2.168
232.9602578,24.3882663,19.6,2.28
233.13823,24.257168,20.1,0.562
254.1963889,38.3602778,22.7,0.732
329.976916,-0.363942,17.1,1.961
332.284362,-0.933026,19.0,0.53
335.7197223,-2.0491667,20.2,2.252
53.75,-35.1569445,18.9,2.17
55.6000694,-35.1472223,18.8,2.456
16.4597223,-25.7466667,21.4,0.865
16.4758334,-25.7780556,22.9,2.254
16.4822223,-25.7894445,0.0,2.156
16.4888889,-25.7491667,22.8,3.078
16.5375,-25.7155556,21.9,1.748
16.5416667,-25.7283334,23.9,2.321
140.4402778,19.3033334,22.2,1.791
151.103697,12.489516,22.1,2.64
205.2836112,33.02,0.0,1.72
209.9219445,31.9619445,19.8,1.724
226.8255556,31.495,19.9,0.988
112.2930556,33.6097223,20.0,0.957
227.5121865,57.0453906,19.9,4.313
181.175447,27.9032794,15.7,0.165
73.0594445,-16.6711112,17.4,2.646
213.942672,11.495401,16.9,2.56
338.1808334,-60.5644445,20.4,0.092
12.6161112,-17.6694445,16.7,1.67
28.805,-45.1030556,15.5,0.451
38.1380556,-21.2905556,17.6,2.162
69.5619445,-12.2875,16.4,1.689
69.2119445,-52.9797223,16.3,1.231
70.0502778,-52.805,15.9,1.053
78.5452778,-33.4394445,16.3,1.569
79.2816667,-44.1822223,14.5,1.713
151.3968593,1.5793692,16.6,1.081
166.639375,-18.3567778,15.8,2.318
169.0980556,-6.9608334,17.1,1.235
171.178625,-17.0881111,16.2,2.4
353.618625,-0.8688056,22.0,4.77
17.0267727,16.5972158,17.1,2.644
97.51,69.0844445,14.2,0.37
117.7276836,42.872016,16.3,1.905
123.380365,25.750853,15.1,1.51
125.2817243,31.1308677,16.7,2.608
147.5030812,48.5248699,17.4,0.589
230.960114,39.234801,16.4,0.661
241.2308212,38.2004543,15.4,2.54
255.25251,64.202607,15.8,2.735
332.8763889,19.4869445,15.7,1.07
242.1515648,12.3309895,8.8,0.034
154.0805556,-33.5663889,13.3,0.009
199.2643333,-2.2612778,9.5,0.019
207.33025,-30.3094445,9.4,0.016
211.8740417,-27.0178611,8.6,0.022
103.0508334,74.4269445,12.4,0.019
273.4063889,-57.7511112,18.6,0.017
273.415875,-57.7252778,9.9,0.017
327.08125,-34.9513056,12.6,0.016
349.0027778,25.5566667,10.0,0.027
32.932625,-44.1169445,19.3,1.212
2.6291667,10.975,13.5,0.089
26.1272223,17.1022223,11.6,0.027
73.1253333,-29.8931111,13.3,0.286
80.2561667,-25.36275,10.8,0.042
138.439538,40.941174,17.8,0.441
138.401875,-10.325,13.2,0.055
182.4379583,-5.0204722,15.7,0.128
183.44213,2.8115066,17.9,0.073
201.082861,5.617968,17.1,0.203
206.8890031,12.2900852,13.6,0.121
209.1921104,10.4358604,15.6,0.123
250.667375,-9.7219167,13.4,0.027
259.7261112,54.6966667,15.3,0.147
350.6322223,1.6577778,16.1,0.137
354.755,36.3530556,16.2,0.064
132.2724975,11.2460747,13.1,0.077
138.757141,24.303362,19.8,0.844
146.3389134,17.6314689,16.3,0.128
233.1833334,32.7130556,18.3,0.926
190.90211,11.502563,18.9,1.195
8.635497,39.310022,16.8,0.138
13.371097,39.826482,19.8,0.44
284.5045833,48.8397223,16.6,0.079
223.0438768,29.4025013,13.5,0.059
246.4503581,26.7423789,18.5,2.458
246.4533219,26.782993,17.1,2.535
246.4891039,26.7467164,19.0,2.597
249.253852,26.602752,19.3,1.961
29.959367,0.394673,13.9,0.163
275.4883334,64.3433334,14.0,0.297
178.3519436,49.5191007,16.5,0.334
188.266881,-0.526151,17.0,0.471
207.392959,-0.684141,17.4,0.515
217.6701522,1.8277727,17.7,2.121
219.451179,-1.786327,15.3,1.308
332.2169445,-19.7333334,16.7,2.559
338.5374753,4.7E-4,17.9,3.025
358.2229943,-0.4806746,18.2,1.639
163.1758334,57.5327778,25.0,1.38
121.0244445,5.1138889,7.8,0.013
156.3803408,51.6763554,12.9,0.045
247.0169445,51.7755556,13.1,0.056
206.1977778,55.9033334,19.8,0.458
233.96835,57.902639,12.4,0.03
93.9008334,71.0372223,9.7,0.014
0.7908334,21.9591667,6.4,0.022
220.5311332,35.4397127,14.0,0.077
311.0407083,-10.7235,10.8,0.035
219.0916667,58.7944445,10.9,0.033
243.4883334,65.7197223,12.5,0.129
245.0470121,17.4076569,15.5,0.114
62.2144445,-24.3044445,0.0,2.44
175.2013889,-26.4858334,22.0,2.156
249.443759,11.830357,16.7,0.148
203.9740833,-34.2955833,7.3,0.008
23.2454985,-10.4519493,8.9,0.032
37.5230417,-8.9981389,9.5,0.017
252.7838889,4.9927778,15.7,0.154
158.53582,60.031159,11.2,0.051
169.7403778,58.0565728,13.1,0.028
133.802274,64.3960138,13.1,0.036
139.6083334,16.3055556,9.4,0.029
188.0151085,20.1582085,13.7,0.064
240.5552344,15.9375247,11.5,0.044
299.8680556,40.7338889,13.5,0.056
178.4240687,46.2117363,9.9,0.024
104.9088889,54.1966667,11.4,0.044
171.4006756,54.3825528,12.8,0.021
171.6572521,51.5730608,12.6,0.026
328.3908334,17.6877778,0.0,1.467
328.3855556,17.6913889,0.0,1.466
152.6286667,-12.6059722,20.7,1.41
197.888875,-1.2867222,21.0,1.76
197.9019424,-1.2530712,21.3,2.52
197.9085417,-1.4189167,23.0,1.8
344.6820417,-34.77175,21.6,1.26
9.269458,-73.374889,18.8,0.75
9.73975,-74.166917,18.2,2.692
9.94925,-74.579111,18.0,1.81
10.745833,-74.045722,19.2,1.78
11.16775,-73.364389,18.5,2.269
11.319792,-74.708639,19.5,1.731
13.59575,-73.516722,19.0,0.718
15.076125,-74.056333,18.2,1.282
15.269667,-73.699972,18.3,0.564
16.815167,-74.17925,17.6,1.712
16.917125,-71.875028,19.5,0.997
17.105958,-73.721472,18.2,1.708
17.145208,-71.320972,19.3,1.75
17.376042,-72.880139,20.5,0.385
17.7625,-72.343389,19.2,1.856
17.915208,-72.842194,19.5,0.198
18.6889583,-71.8946667,18.3,1.807
18.827917,-73.3985,18.2,1.405
18.872458,-71.428167,18.8,2.723
18.892083,-72.847028,17.2,0.201
19.254208,-71.476639,18.8,1.074
19.727,-74.095778,18.3,1.588
20.218292,-72.053694,19.2,2.181
20.233542,-73.581528,17.9,1.565
20.285083,-73.120306,17.4,0.985
21.02425,-72.663028,19.9,2.558
21.511042,-73.934389,18.2,1.089
71.883458,-67.017111,20.2,0.988
72.958583,-67.133444,19.8,2.04
76.641833,-69.180083,17.3,0.16
84.914583,-69.008278,21.0,0.319
85.893958,-69.101056,21.7,0.74
54.6916667,-35.3811112,16.6,0.113
46.2077778,-22.1977778,15.6,1.409
240.0102778,41.51,18.3,0.368
216.3180556,32.9025,24.0,5.85
40.8744445,37.3416667,11.4,0.002
40.669625,-0.0133056,9.9,0.003
40.8897223,1.3727778,19.7,1.941
40.8892458,1.3602585,18.7,0.601
47.1094445,4.1108334,9.1,0.029
49.9505556,41.5119445,7.6,0.017
54.1925833,-35.99925,12.1,0.002
65.0025,-54.9380556,9.6,0.004
71.4271667,-59.2472778,10.9,0.004
88.0475,-7.4561944,7.5,0.007
102.5358334,60.8455556,8.5,0.006
11.887875,-25.2886389,8.3,0.001
129.6000336,25.7545422,9.4,0.018
136.23655,59.932935,8.4,0.005
137.9058334,60.0375,10.5,0.005
139.9225315,33.7381487,12.4,0.02
13.1761667,-31.2058056,7.9,0.006
144.421375,-22.0350556,11.5,0.016
149.8730417,-22.82625,12.9,0.007
154.2241667,73.4008334,9.8,0.01
153.5622223,3.4666667,10.6,0.003
155.8772223,19.8655556,11.2,0.003
158.1452235,65.041092,9.5,0.006
162.1129459,12.6494645,19.2,0.497
162.09775,-25.1620556,8.7,0.012
2.7772917,-12.1076667,9.4,0.019
166.6983334,72.5688889,8.1,0.009
169.22774,18.05181,11.8,0.003
169.5686667,-32.8141667,9.9,0.002
174.7571667,-37.7385833,7.6,0.009
176.2709376,19.6063475,9.7,0.022
179.1172041,55.1252381,11.3,0.003
180.7897223,44.5305556,10.9,0.002
182.6358334,39.4058334,11.1,0.003
184.7391667,47.3044445,8.9,0.002
186.2658334,12.8869445,10.9,0.003
186.4446828,12.6618749,10.8,0.008
185.1362237,33.7322039,18.3,1.038
186.4555556,33.5125,17.2,1.677
187.445,8.0,8.8,0.003
187.5091667,13.6369445,11.8,0.005
19.0302778,33.0894445,8.8,0.016
19.8711188,-0.1443627,17.3,0.09
187.9986112,14.4194445,9.4,0.007
188.9026,-39.90929,8.5,0.012
188.9161112,12.5561112,11.3,0.001
189.0925,25.9925,9.7,0.004
189.2072223,13.1630556,11.1,0.004
189.914375,-5.3441944,11.5,0.009
190.7183334,13.2572223,11.8,0.001
192.7205556,41.1202778,8.8,0.001
195.3522223,29.3086112,15.0,0.024
196.0546667,-5.5516111,10.4,0.003
198.36473,36.59365,10.2,0.003
200.9375801,31.5657579,8.2,0.016
201.3655833,-43.0188056,7.2,0.001
204.5661233,4.542596,11.6,0.023
204.9832917,-31.6400833,10.6,0.001
204.5740428,48.2780735,15.7,0.028
204.57188,48.2756,10.3,0.028
205.5349309,35.6543018,11.2,0.003
205.2741667,67.6719445,7.9,0.009
207.3141667,60.1905556,11.8,0.006
208.3613889,40.2838889,6.1,0.008
211.3017225,55.741851,8.6,0.006
214.4981242,25.1368723,8.5,0.016
216.6388889,56.5825,10.4,0.007
218.1696667,-44.1744167,10.4,0.003
220.5995,-17.253,6.2,0.009
222.71099,5.1196416,12.1,0.028
222.7146359,5.1144854,10.1,0.028
224.8533334,-16.6919445,9.4,0.011
226.6227778,55.7630556,9.3,0.002
232.8253465,7.4577529,9.2,0.034
234.7256919,17.026192,8.6,0.03
234.90454,59.33195,0.0,0.008
247.15932,39.551229,7.9,0.03
253.1922223,-59.2169445,10.7,0.004
254.3172197,27.8496084,8.7,0.034
259.248,-62.8205833,10.3,0.003
258.8457988,57.4112044,7.2,0.027
287.725,73.4102778,8.9,0.025
295.6690833,-10.3236944,7.3,0.006
309.3091667,66.1061112,7.0,0.006
345.815,8.8741667,10.1,0.017
346.23605,12.322885,15.7,0.008
347.4470417,-43.4279444,12.1,0.005
351.9875,8.7786112,6.3,0.029
354.62241,27.03137,7.9,0.031
356.0880556,9.9344445,7.3,0.007
30.0622223,31.4294445,11.1,0.017
30.2761112,-6.8161112,7.7,0.014
32.3368455,-10.1330934,9.0,0.013
32.3525,-10.1358611,12.8,0.013
149.7729692,2.6360873,11.6,0.079
133.2291238,3.1523314,12.7,0.035
201.1176635,4.7749063,15.0,0.021
217.6245103,13.6533455,14.1,0.085
134.657019,18.3731538,13.7,0.06
132.7937518,27.8512306,13.5,0.083
120.9055207,39.4425449,12.4,0.065
128.2235352,47.6687571,14.4,0.043
129.7623321,47.1322939,12.7,0.052
259.5736112,59.5294445,13.5,0.08
160.2426089,65.416083,14.4,0.052
208.2134009,65.6870045,16.2,0.206
39.9775,-1.5426944,12.1,0.045
34.5923333,-5.1039167,11.0,0.044
321.3019884,-7.2249751,13.9,0.064
138.4119167,-10.3221667,10.7,0.055
2.085,40.6322223,12.8,0.044
219.409625,-15.0065556,13.7,0.081
195.9272083,-24.2451667,13.7,0.127
149.2078337,25.2544576,16.5,0.708
221.3186134,9.9766907,17.8,3.541
325.8980556,17.7302778,15.7,0.211
194.8197223,27.8961112,18.3,0.384
203.3991042,16.8177663,16.6,2.089
37.6316199,0.6274885,19.6,2.358
149.1048443,47.5784789,19.9,4.486
7.3072223,13.2677778,15.8,0.145
20.0719445,21.5627778,15.3,1.5
122.7444445,76.0452778,13.6,0.1
141.477974,19.901426,15.1,0.192
149.21831,41.256182,15.8,0.239
153.72972,0.5604078,14.4,0.187
162.964345,-0.854905,15.8,0.359
166.6323814,-0.8812136,16.0,0.424
169.276655,44.225919,15.2,0.144
169.570624,7.766168,15.2,1.735
184.8372162,6.6440331,15.2,0.334
195.303822,59.035185,15.7,0.476
197.445838,8.330063,15.5,0.154
200.9563246,65.6967133,15.6,0.168
208.3158334,63.7627778,14.1,0.087
209.136661,21.064541,15.9,0.301
212.34963,26.305865,15.5,0.945
221.691416,40.584941,15.5,0.267
231.102185,9.974763,15.7,1.328
238.9294445,11.19,14.2,0.36
248.004647,37.630553,15.8,1.475
248.6208334,70.5258334,14.0,1.337
255.3536112,51.8225,15.0,0.292
318.7191667,6.1286112,15.7,0.457
42.303616,-8.2571368,14.7,0.029
60.006609,-6.8817452,16.5,0.17
315.5222414,-6.7989198,13.1,0.127
40.7900417,-72.2800556,13.2,0.102
33.4797678,-5.8559188,15.4,0.14
0.584319,-3.6291331,16.1,0.187
190.8865341,-2.544647,17.3,0.183
172.8586855,-2.0831429,15.7,0.146
222.5799605,-1.1131827,16.4,0.119
354.6545405,-0.4695778,14.9,0.036
7.2202983,-0.2426919,16.7,0.31
50.2891,-0.2144103,15.3,0.066
338.5507304,-0.0084003,16.2,0.091
153.7259983,0.5724059,14.7,0.086
359.205433,0.7269516,15.9,0.074
130.3962133,1.0323037,15.1,0.111
149.4927995,2.1531275,15.6,0.126
149.7438866,2.2497561,16.9,0.132
175.0363108,3.1198309,15.8,0.081
358.2416667,3.3383334,15.4,0.086
5.905,4.7061112,14.5,0.081
141.8392202,6.1660437,14.7,0.078
9.1882083,-44.1221111,14.0,0.059
231.1698513,9.969324,15.3,0.079
169.81591,47.848676,14.1,0.162
211.2933112,11.7713701,15.2,0.017
244.2445843,23.1320528,15.0,0.1
208.6210704,13.4659162,16.5,0.063
350.8667209,14.0917357,15.6,0.041
23.9826295,14.5915457,15.5,0.072
0.9122601,16.0390621,17.5,0.116
155.4579839,17.92087,15.4,0.039
222.0173847,18.4271941,13.1,0.038
154.4316785,21.3353104,16.9,0.244
117.68269,21.421658,16.3,0.102
188.0762143,11.2611359,15.5,0.041
14.0319445,25.8013889,15.9,0.15
120.7205311,25.882111,13.7,0.081
121.499768,26.100662,14.9,0.136
252.7630642,26.2964447,14.7,0.079
200.632764,26.5330725,17.0,0.144
201.3663816,27.3195763,14.1,0.073
171.7480771,29.7452178,16.4,0.102
233.2240924,30.3498333,16.0,0.361
110.5730556,30.5138889,15.2,0.1
260.2052123,31.112886,14.9,0.095
143.9377786,32.0330924,15.7,0.101
239.6223589,35.2246252,15.9,0.119
131.3232619,27.8386132,14.4,0.083
131.3476354,27.8227262,14.5,0.051
151.3419291,40.2694775,16.5,0.23
199.4133314,41.2626665,10.0,0.067
187.6087644,41.7160676,14.6,0.125
242.0278387,42.6827275,13.4,0.085
208.4487229,42.9754052,15.7,0.166
122.750905,44.7045521,16.6,0.183
151.7258326,46.788125,16.1,0.123
126.4564513,47.1743891,14.3,0.132
122.1717594,48.231074,14.9,0.124
226.9688565,51.8530715,15.5,0.075
148.2048642,51.8847532,15.7,0.215
189.814196,53.237405,15.8,0.201
130.1246303,47.1195094,17.9,0.042
123.3500687,54.3768834,11.9,0.043
193.2446649,59.309083,15.6,0.123
169.3717255,61.6708943,13.7,0.112
208.54,61.9433553,15.4,0.102
165.5542404,64.9902233,14.6,0.078
239.0583334,66.3486112,16.8,0.234
296.4733334,70.9302778,16.1,0.101
28.9433334,7.3177778,16.2,0.069
79.3191667,-70.7338889,17.5,0.169
82.9991667,-69.3308334,17.7,0.149
143.261193,38.874456,16.1,0.177
197.0126736,3.8540577,16.1,0.071
333.9262112,-0.6026795,15.6,0.099
13.7172223,25.4275,14.0,0.155
213.4513889,44.0038889,13.3,0.089
220.0529191,2.7954155,16.3,0.03
222.786507,27.157477,13.6,0.064
246.9838333,55.3754191,16.0,0.132
39.3655556,-26.5075,16.7,0.141
357.9136667,-26.08475,17.1,0.233
3.1410833,-16.4688889,15.5,0.151
160.1854131,39.9531327,11.4,0.138
64.3944445,-11.9088889,16.8,0.44
341.9760556,-8.9452686,15.1,0.048
218.1354206,34.1070499,15.3,0.042
328.7563889,-9.3736112,14.1,0.192
11.7158334,-20.7244445,19.2,0.38
14.291423,14.769489,15.4,0.172
15.7969605,13.2716088,16.5,2.705
10.2400659,-1.7755524,17.6,1.176
17.1616667,1.5833334,18.5,2.107
18.8212083,-1.4513333,17.4,1.365
23.1811112,-16.9136112,18.4,1.02
23.648609,-9.517484,21.3,2.22
24.409625,-24.51475,15.9,0.835
26.7024167,-52.0426389,12.0,0.098
30.5569445,-76.3341667,16.2,0.389
32.6925,-51.0171944,15.6,1.003
38.7806667,-4.03475,16.5,1.438
40.6494445,-21.5405556,15.8,0.314
40.9147223,1.3527778,19.0,1.4
42.9833334,-67.3,16.8,1.002
44.8627778,7.7944445,17.3,0.893
45.804278,-0.249293,17.9,0.7
60.9739583,-36.0838611,16.6,1.417
61.9516667,-12.1936112,14.8,0.574
63.6572223,5.5788889,21.3,2.639
75.3033334,-1.9875,18.1,2.291
76.6833334,-61.1613889,18.1,1.093
77.7516667,-22.0325,16.7,0.171
98.9444445,-75.2713889,15.8,0.651
113.286584,25.6069365,19.7,2.686
114.825,1.6180556,16.7,0.191
117.7168564,12.5180068,18.1,0.889
140.6936112,-39.9930556,18.1,0.591
158.2819445,-36.0325,18.7,1.455
162.0275,-19.16,18.0,0.595
164.574584,19.864145,17.5,1.115
169.738748,12.578256,18.1,2.129
172.308746,9.8664088,17.0,1.516
172.529375,-14.8241667,16.5,1.187
174.7945417,-13.8453889,16.5,0.554
179.936782,1.201942,17.4,2.002
181.3883334,-26.5677778,18.9,0.786
191.695,-25.7969445,16.7,0.638
196.3875417,-10.5553611,15.1,0.286
197.1597223,-82.9930556,17.6,0.87
209.268468,19.318719,15.3,0.72
226.1040922,10.4942152,19.7,1.838
240.3225,-0.4794445,23.4,2.527
244.4580556,2.7786112,17.6,1.341
246.3095252,15.7562686,18.3,1.409
246.5255556,-29.8569445,18.0,0.815
278.4163889,-21.0611112,18.7,2.507
307.0311112,-15.3563889,16.5,1.5
324.160775,0.698389,16.9,1.94
327.0227778,6.9608334,16.3,0.999
329.5261112,-15.0191667,17.1,0.672
333.0066667,8.3213889,16.4,0.484
334.7166667,-3.5936112,16.3,0.901
48.967125,-19.1123056,15.2,0.067
179.7771867,13.6271489,17.3,4.05
350.5297223,19.7397223,18.0,4.17
2.728555,0.2475974,17.4,0.244
17.9316667,-35.05,16.3,2.406
19.6944445,-34.1672223,18.6,0.84
150.3361783,55.8988681,16.9,1.416
150.33683,55.89712,16.7,1.413
164.1797223,-3.6783334,18.3,2.117
176.0223984,19.933916,20.3,2.2
175.9870269,19.9470476,18.2,0.336
176.023714,19.959837,19.2,0.954
187.122073,11.065035,17.4,0.167
188.6175,62.1397223,20.0,1.355
189.095517,62.2574953,20.2,2.587
198.0930556,42.6369445,20.1,2.561
214.3998333,52.5083493,19.2,0.986
216.1694445,22.9283334,21.8,3.629
216.744045,-0.349001,16.6,0.627
250.6830047,39.5840969,20.3,1.414
292.802375,43.2243333,16.7,0.439
340.1261112,3.3586112,14.3,1.695
356.6177778,12.8161112,16.8,2.517
356.6059435,12.7955354,19.2,2.568
356.6917255,12.757485,17.8,2.773
8.4808334,-70.4822223,18.8,2.21
9.71,-73.1816667,16.2,0.28
15.1088889,-33.6852778,19.9,0.602
16.3441667,-71.9466667,18.9,1.643
17.9241667,-72.8291667,19.1,0.197
39.9541667,-34.3333334,19.1,0.325
39.9177778,-1.5752778,19.8,0.423
39.9663889,-1.5994445,21.9,2.795
40.0441667,-1.6177778,22.6,3.025
132.2711391,44.9540894,20.5,1.262
132.2979044,44.7482046,20.2,1.305
184.967953,47.349589,19.5,0.653
225.7305556,-41.9080556,18.9,1.026
250.7974652,31.9390591,19.7,0.586
359.5119445,-32.6038889,20.0,2.02
204.939058,0.162824,18.7,1.872
332.2527778,-19.7388889,18.3,1.584
162.9763889,57.3902778,23.8,1.681
198.0347223,42.6955556,25.2,2.237
9.1675,-72.4622223,19.4,1.624
137.8650616,5.8483616,18.1,2.798
145.6397223,47.0372223,19.6,0.391
150.3730556,46.9933334,15.3,0.08
163.1047223,57.38,19.0,0.807
163.105,57.3844445,22.5,1.524
163.1183334,57.5177778,22.6,0.931
163.446899,57.563904,22.2,2.567
238.270537,35.807949,16.5,0.722
14.37138,-9.549583,18.4,0.558
28.7624583,-5.1428056,15.5,0.129
126.639625,7.713443,16.7,0.311
172.9647223,-12.5330556,15.3,0.654
222.104574,35.996288,15.4,0.113
337.219194,-7.89629,18.3,0.638
356.183,-42.7200833,18.0,0.598
35.2725,35.9375,20.0,0.944
107.6922223,47.5363889,18.2,1.292
273.5944445,41.2183334,19.3,1.564
278.8316667,61.3277778,18.0,2.274
282.3166667,67.095,15.7,0.657
110.4725,71.3436112,14.5,
301.3791667,77.8788889,16.4,0.342
156.144648,55.940693,16.6,0.197
167.884086,55.790594,16.3,0.767
168.7969445,53.3438889,17.3,2.8
171.474139,59.172653,16.3,0.852
178.3600954,58.1123849,15.0,0.064
181.2547463,59.3444709,18.0,2.039
184.8782149,49.6811765,16.5,2.701
185.9283672,58.2461535,12.9,0.014
195.1587363,54.9102455,14.9,0.088
202.065,52.7344445,16.5,1.341
206.6699895,52.4768404,11.1,0.029
209.715567,54.134811,18.0,2.07
230.4366667,52.9133334,17.0,1.855
238.872515,49.531934,18.3,1.831
149.4454167,2.3605111,18.7,0.342
216.9147223,-25.3505556,16.5,0.318
9.990208,-73.101,19.9,0.569
11.281417,-72.689333,20.1,2.14
12.0781667,-73.3498972,16.3,0.109
14.055542,-72.639167,19.9,0.489
15.023833,-71.9565,19.1,0.882
45.6158334,0.115,21.9,1.408
188.9558334,62.2602778,24.2,2.195
210.2705556,2.8733334,21.0,2.565
249.1308334,40.9297223,24.9,2.283
249.2105556,40.9594445,23.3,2.385
249.2772223,40.8872223,24.6,2.374
334.3908334,0.2338889,24.5,2.551
258.3347223,59.7469445,18.8,2.831
259.3230417,59.5183484,20.9,1.5
259.3319445,59.7013889,18.9,0.242
259.4363889,59.9875,17.6,0.21
259.4561813,59.8868072,21.2,1.807
259.4802778,59.8158334,20.3,0.274
259.6825,59.7080556,17.0,0.13
260.2958334,60.2161112,20.2,0.641
260.6936112,59.0661112,17.7,0.155
261.2444445,59.2625,0.0,0.494
355.787875,-54.2102222,18.3,0.624
162.805875,57.2405278,20.0,0.362
162.9632083,57.1736667,19.7,0.363
163.01525,57.4519445,23.9,2.43
163.0520417,57.4146667,21.1,0.502
163.0734583,57.3575833,22.3,1.018
34.208241,-5.29504,22.4,1.28
34.27457,-5.35811,23.2,2.396
34.2761809,-5.144265,20.3,0.259
34.297668,-5.18516,19.2,0.355
34.300388,-4.87811,20.7,0.308
34.3110845,-5.0904756,19.9,1.901
34.328602,-5.17491,20.5,0.43
34.405701,-5.10588,19.3,0.246
34.5395037,-4.9960593,22.2,1.095
53.5535,-28.4169167,18.9,0.664
34.16076,-5.17883,0.0,3.182
34.27461,-5.22714,0.0,3.222
34.4943185,-5.137476,22.0,3.034
34.6853279,-4.8068937,21.0,4.564
27.1013889,38.9013889,17.5,1.442
32.3782277,-4.6406001,17.0,1.131
132.2357251,1.6132836,17.9,0.35
204.6088889,-19.7086112,22.3,4.11
346.5538223,-0.9868158,18.3,0.25
154.9858187,27.7338133,15.8,1.927
34.2300927,-5.1963227,21.8,2.796
34.305,-4.8544445,19.5,2.504
258.5376278,58.8183983,7.5,0.03
274.0394445,42.6561112,13.4,0.042
274.0488889,42.6608334,10.8,0.041
337.8355556,39.3583334,8.7,0.017
50.9535162,40.5577924,9.9,0.018
68.2961112,5.3544445,11.9,0.033
86.4497223,58.7011112,11.6,0.015
88.7236112,46.4391667,8.2,0.02
121.9207998,39.0042435,8.7,0.023
143.9650315,61.3531619,12.4,0.039
144.43395,2.7608205,8.5,0.024
13.3952778,12.6936112,12.9,0.061
165.1998201,10.7281478,11.1,0.036
167.3016657,61.396308,12.3,0.007
173.1676881,52.9503846,10.7,0.026
184.580441,29.2536147,12.9,0.048
194.0586112,56.8736112,9.2,0.041
195.3552751,29.3137394,16.6,0.023
206.1756887,55.887103,11.3,0.037
208.2641667,69.3083334,9.3,0.031
229.18537,7.021626,8.3,0.035
7.5206667,0.4170278,21.6,2.299
27.1568333,6.0055833,24.6,5.96
30.885,0.2080556,23.7,5.864
150.5470417,1.6185556,0.0,1.595
170.0061667,6.6900833,24.0,7.085
181.906,6.5028333,24.0,6.04
195.3258334,-0.0258334,19.5,0.381
199.7972223,9.8475,22.8,6.127
32.4613015,-0.0851359,17.0,2.85
180.8872722,2.4929299,14.2,0.077
205.715032,-0.895918,16.5,0.326
26.3191583,-9.7548182,16.2,2.725
227.156708,67.276208,19.3,1.216
227.168796,67.296694,17.9,0.716
280.5375,79.7713889,11.7,0.057
32.342927,-4.723712,22.0,3.348
34.451613,-5.006081,22.2,1.18
334.386823,0.873102,21.7,1.655
338.5640259,-0.0089661,24.0,2.414
287.5104167,38.0026389,17.6,0.13
291.6295417,42.1664167,17.2,0.154
175.317343,21.939389,13.0,0.063
188.8656467,12.227467,17.5,0.727
306.5434167,-45.6075,16.0,2.237
308.4255556,-47.3955556,16.5,1.661
198.7763889,-55.1566667,12.1,0.031
11.9285,42.1713889,18.9,1.45
175.1655556,-26.4791667,22.9,2.162
175.1855556,-26.4888889,20.8,2.162
175.22,-26.4863889,21.7,1.512
54.7142361,-35.4461112,19.5,1.07
170.0927765,12.8812754,18.9,0.406
333.9963889,-17.6316667,24.4,1.462
333.9952778,-17.6361112,22.8,1.453
257.9477778,58.9777778,21.5,0.8
258.3522223,58.9305556,18.5,0.609
258.3963889,58.7988889,17.4,0.133
258.44,60.125,21.9,2.78
259.4613889,58.7955556,23.2,2.55
259.6313889,59.8877778,20.6,0.7
260.3466667,60.2041667,18.2,0.325
260.8677778,59.4955556,22.1,1.34
258.1341875,59.6940083,21.6,0.561
258.2103,59.8431194,19.6,0.419
258.2325083,59.5337278,19.2,0.266
258.3449083,60.1789278,23.8,1.016
258.5086083,60.1145694,19.7,0.462
259.0517,59.6539278,22.2,2.292
259.0534083,60.3301694,24.5,1.753
259.1033875,59.6314583,22.9,0.87
259.1765083,59.6344778,21.6,0.604
259.1982083,60.2994,19.1,0.92
259.3044083,59.6410389,18.1,0.232
259.3577,59.97575,19.5,1.356
259.3992,59.7040194,19.1,0.153
259.5426875,59.5058083,20.1,0.526
259.5632,59.5467694,19.4,0.395
259.5705,59.48325,19.5,0.153
259.5707083,59.7536083,20.3,2.363
259.6257875,59.7147889,19.7,0.362
36.31,-4.7833334,19.4,1.924
8.9220833,-43.2127778,22.6,1.246
214.312685,52.3869229,20.1,1.261
214.347499,52.5316887,20.1,0.483
214.4118301,52.3925756,20.3,2.159
214.4038889,52.4080556,22.1,2.125
